#f	eps_re	eps_im	n	alpha
0	0	0	0	0
0.016664431966332	0	0	0	0
0.033328863932663	0	0	0	0
0.049993295898995	0	0	0	0
0.066657727865326	2.819855614092753	0.245599369249828	1.680417656967498	1.000143428212401
0.083322159831658	2.624458587570024	0.259056397989940	1.622782567275274	1.380392336014457
0.099986591797990	2.506532814124158	0.345623995633350	1.586899311990385	2.275749558833413
0.116651023764321	2.454675583431865	0.281326861157270	1.569669477421341	2.181226147284267
0.133315455730653	2.476783818445581	0.275523619234698	1.576483877058016	2.439930559933565
0.149979887696984	2.448154590653565	0.338900292736619	1.568689982385576	3.403318537712031
0.166644319663316	2.427660775645353	0.281999844223666	1.560821172832875	3.154445788109059
0.183308751629648	2.442414601074267	0.207357605902802	1.564183436803892	2.547556211246147
0.199973183595979	2.464371549720265	0.178673082907624	1.570789732872530	2.382755289359867
0.216637615562311	2.487197838196916	0.191870476444834	1.578157199650165	2.762454746771609
0.233302047528642	2.481982196487402	0.233651657668657	1.577026470230227	3.625932915546120
0.249966479494974	2.469296633264689	0.232784172325287	1.573021957275970	3.872003505329853
0.266630911461306	2.448816124108370	0.211184406723371	1.566276635988665	3.759992355801719
0.283295343427637	2.449571306809799	0.187536053851195	1.566265149468723	3.548133983295640
0.299959775393969	2.453965439775620	0.177109837740486	1.567570857712402	3.547180883550717
0.316624207360301	2.457908508520358	0.165892242416814	1.568688288381460	3.506132252253255
0.333288639326632	2.460929534242764	0.155509240756463	1.569498814185856	3.460022573103493
0.349953071292964	2.456421803198956	0.147547392838378	1.567948311106591	3.450178578840862
0.366617503259295	2.463241947017384	0.139663043283111	1.570045753112505	3.412923469680423
0.383281935225627	2.465475748520724	0.136971578510621	1.570763823357797	3.495289664631783
0.399946367191959	2.463760910557182	0.140706619811614	1.570288845540067	3.750448087957690
0.416610799158290	2.462851314415035	0.138930317911410	1.569977346335830	3.860121888298778
0.433275231124622	2.464157363920137	0.125746250183576	1.570276779647385	3.634992748376139
0.449939663090953	2.462905642368306	0.113936440597917	1.569780815918017	3.423380618355219
0.466604095057285	2.460928405943232	0.108654436380812	1.569091462896963	3.387738224961492
0.483268527023617	2.468996039605365	0.107471000108876	1.571633344880448	3.463285836929965
0.499932958989948	2.476923016565691	0.104673308661739	1.574121322739308	3.480841628928613
0.516597390956280	2.480134357489321	0.099162193703773	1.575102779342851	3.403192482174045
0.533261822922611	2.481827866261453	0.100491469289129	1.575680922160751	3.557868358396263
0.549926254888943	2.484456162867422	0.099167825177660	1.576520580405121	3.620639886400015
0.566590686855275	2.485909891483715	0.100435827764596	1.576989868668346	3.779237794207037
0.583255118821606	2.483347826259485	0.102092119844961	1.576181202531644	3.958205783206388
0.599919550787938	2.484824524985275	0.095057572146004	1.576591448676892	3.789290680732265
0.616583982754269	2.488044365182718	0.087074874831901	1.577559705468718	3.564617808867366
0.633248414720601	2.497636279305437	0.081860255540119	1.580571220498316	3.434377205690196
0.649912846686933	2.509516160631804	0.083013009963933	1.584331206525559	3.565996878735433
0.666577278653264	2.519090385664611	0.085315546716257	1.587359528006242	3.751918686176824
0.683241710619596	2.523426212321507	0.091609867864437	1.588757217434274	4.125553441426386
0.699906142585927	2.523959196421353	0.095399143645464	1.588946012092631	4.399788731689534
0.716570574552259	2.523284185237360	0.097326066104202	1.588747393074642	4.595759091342029
0.733235006518591	2.523977995618562	0.095615116927075	1.588960541700456	4.619316852306761
0.749899438484922	2.528410834789412	0.093860739723426	1.590346723096671	4.634238595473445
0.766563870451254	2.534071996047761	0.093785579337844	1.592120860283251	4.728734256962473
0.783228302417585	2.538980852933853	0.097478715775549	1.593679949579414	5.016577112250797
0.799892734383917	2.541690656011112	0.100064010309583	1.594545654945697	5.256393550288500
0.816557166350249	2.543277119903994	0.101697535414022	1.595053179743435	5.451873782530085
0.833221598316580	2.543500713166424	0.104930454085687	1.595142645268087	5.738849595503545
0.849886030282912	2.544067515497346	0.104098530863844	1.595318665713165	5.806179846121721
0.866550462249243	2.548023123823150	0.104254884030719	1.596561840571090	5.924498484117205
0.883214894215575	2.553102365734414	0.105525884827923	1.598157981780621	6.106983273927003
0.899879326181907	2.553725014796557	0.110051637199525	1.598379923689399	6.487935796087096
0.916543758148238	2.553446222930671	0.112655511357411	1.598313433549501	6.764965813060158
0.933208190114570	2.551963751739513	0.113047252174993	1.597849448631091	6.914003319211962
0.949872622080902	2.554683267440892	0.112398006929155	1.598693212704093	6.993483960343519
0.966537054047233	2.557772607850962	0.109987951612986	1.599639974120615	6.958743801123326
0.983201486013565	2.560240234308618	0.112117048097708	1.600424509257309	7.211816151188494
0.999865917979896	2.563810331174465	0.113774304110039	1.601555381383662	7.437123788515268
1.016530349946228	2.565081390382293	0.114379030876652	1.601960095870197	7.599537502416943
1.033194781912560	2.565684450229126	0.115843075549237	1.602158998984104	7.823002141572458
1.049859213878891	2.566974807648702	0.116512305532026	1.602564001346831	7.993725520928614
1.066523645845223	2.569592139330052	0.116222883130796	1.603374164002395	8.096517768479524
1.083188077811554	2.573755294787830	0.116552667535469	1.604668812274066	8.239299284797180
1.099852509777886	2.577517522044083	0.119618120529593	1.605859499732121	8.578542977762000
1.116516941744218	2.578251445779992	0.123957143819606	1.606123474109621	9.022157283541674
1.133181373710549	2.577895859052455	0.126352563503438	1.606035075250930	9.334694443340942
1.149845805676881	2.577735045901642	0.126956066735721	1.605991324046530	9.518091483474270
1.166510237643212	2.577726113909146	0.126814731300662	1.605987834567797	9.645618974653956
1.183174669609544	2.578780250903002	0.125543614701656	1.606304748502484	9.683911281271399
1.199839101575876	2.583018367014055	0.126042796487062	1.607621593048392	9.851189792734106
1.216503533542207	2.588639943693810	0.128789337921108	1.609385667658539	10.193290577477994
1.233167965508539	2.592511589900849	0.132615493480210	1.610619024237620	10.631124999993514
1.249832397474870	2.594023980432029	0.137501229411007	1.611126054670996	11.168737179757061
1.266496829441202	2.594392296828078	0.142127805519053	1.611277497829094	11.698108291950030
1.283161261407534	2.593852734918329	0.146429446694235	1.611144662048307	12.211945777725758
1.299825693373865	2.592978278712684	0.148075211531382	1.610887509970317	12.510799114993189
1.316490125340197	2.591304639062259	0.148251851523017	1.610371529460155	12.690001546968164
1.333154557306528	2.592181231823867	0.148395408972918	1.610643272709331	12.859218833978057
1.349818989272860	2.594917450728335	0.150760214515113	1.611510772463927	13.218978302150134
1.366483421239192	2.598000289253493	0.152878224142067	1.612487764852591	13.560378649739576
1.383147853205523	2.600129548940909	0.156641332906300	1.613185758646675	14.058504834699265
1.399812285171855	2.601404170424377	0.160529092674348	1.613614559575580	14.578451811274673
1.416476717138186	2.603265833320212	0.163889321629376	1.613372001703262	15.110370769351144
1.433141149104518	2.604737257669833	0.168294415071988	1.613600043913655	15.641677237097923
1.449805581070850	2.639463201775343	0.145061165571025	1.613613229755120	16.252194217643851
1.466470013037181	2.596839805512149	0.175752651164525	1.612989805073020	16.776613019655837
1.483134445003513	2.597048913797460	0.179889133481469	1.612480373493291	17.320414016081809
1.499798876969844	2.600719565000591	0.190327050475329	1.613727438017635	18.511366754676072
1.516463308936176	2.600185132765940	0.202799980130381	1.613722521240106	19.937639269438971
1.533127740902508	2.589861554089701	0.205929402521223	1.610596537231080	20.521861062315434
1.549792172868839	2.587363384299961	0.201822439817101	1.609750457990321	20.348902535090904
1.566456604835171	2.583942127770677	0.201035192479204	1.608668025252339	20.498797555809858
1.583121036801503	2.584747187728683	0.196704770375816	1.608859204717027	20.262549971904633
1.599785468767834	2.589161248330747	0.198071045523181	1.610243856347738	20.599365431256743
1.616449900734166	2.583976175678892	0.202452532158542	1.607580555700350	21.003211586394332
1.633114332700497	2.579708558245799	0.201075993395951	1.606549339368305	20.641089709595267
1.649778764666829	2.616931442209843	0.225589896752120	1.608161621571687	20.558376874933632
1.666443196633161	2.591653618827649	0.195141047106699	1.610970016035257	21.132798345634409
1.683107628599492	2.591814134008246	0.208625227022888	1.611221262594718	22.806921700977387
1.699772060565824	2.572952926941738	0.205799765164464	1.605478979366684	22.457921847700675
1.716436492532155	2.563515688192599	0.195928612793284	1.604699074742395	21.998976656533518
1.733100924498487	2.605174905946854	0.227096609186239	1.605356524466304	22.466338636265579
1.749765356464819	2.574623073414504	0.203510236427952	1.604444741175065	23.379981787263208
1.766429788431150	2.564440405848290	0.204728877698684	1.602634629466379	23.639831279015052
1.783094220397482	2.566682734764112	0.195429003280832	1.603209193726465	22.765395319729819
1.799758652363813	2.575836109098649	0.200155762194476	1.605391432394369	22.922861790587305
1.816423084330145	2.610588184219290	0.228277969255629	1.606643163802433	23.872197401538944
1.833087516296477	2.577901600358617	0.195018464480811	1.607559421196577	24.005885999754952
1.849751948262808	2.586545834459678	0.201823458517579	1.609491421696780	24.289883604638593
1.866416380229140	2.561659037988822	0.220398507046900	1.602006692802305	26.899275243484851
1.883080812195471	2.556292856938772	0.194875286952405	1.599972752445981	24.020025729026852
1.899745244161803	2.579982019363422	0.193200410774272	1.607335477781400	23.915064384263413
1.916409676128135	2.614471467622701	0.205566976461758	1.618138832113406	25.495109769542452
1.933074108094466	2.651212782641949	0.214111620934651	1.629448868946958	26.590703924148176
1.949738540060798	2.644871371611350	0.245486148683341	1.627965170880310	30.726398337029440
1.966402972027129	2.536489927734767	0.228573631104136	1.594208960157217	29.551268670478663
1.983067403993461	2.552686261884134	0.203572398766754	1.598934028426571	26.440817643311110
1.999731835959793	2.570268527362282	0.199610898947876	1.604390036090727	26.051662158230673
2.016396267926124	2.589689712680395	0.218145270575921	1.610678343666220	28.592534689162573
2.033060699892456	2.555819871098177	0.189913400238882	1.598025213038300	26.076785147508389
2.049725131858787	2.558464720197410	0.216142192709582	1.595823856126437	29.245413275157436
2.066389563825119	2.549896914749119	0.231109138125522	1.593314020046079	28.764761042458233
2.083053995791451	2.521371873552714	0.218073726961082	1.592291640498864	28.872669800384092
2.099718427757782	2.504142744304575	0.193173723817725	1.589284629729866	28.838306783735902
2.116382859724114	2.493046150159760	0.165611268702594	1.587864786766204	28.976641798889087
2.133047291690445	2.495321530829295	0.096934265318206	1.588169817218727	28.667636941038243
2.149711723656777	2.495335135107576	0.096285545215044	1.588474847682275	28.983076557170506
2.166376155623109	2.495207325563525	0.106150237866776	1.588779878145823	28.740909056705480
2.183040587589440	2.526685008273891	0.126719942987889	1.589084908609371	29.094962750054197
2.199705019555772	2.515709371202647	0.149573794248912	1.589389939072919	29.420558266309783
2.216369451522104	2.492428425700453	0.194724822386569	1.589694969536467	29.839587077387080
2.233033883488435	2.523590868364332	0.214274517434537	1.590000000000015	31.515450703868868
2.249698315454767	2.570193018142815	0.243730153405881	1.605000000000000	35.737547144671737
2.266362747421098	2.555261959650414	0.178567725135320	1.599471555985827	26.503595191383329
2.283027179387430	2.553016261174589	0.175908688913168	1.598748710471129	26.316072821498590
2.299691611353762	2.543198789420053	0.161222257524793	1.595517750126467	24.340239252866734
2.316356043320093	2.586280386129828	0.183478096410186	1.609134798328450	27.593813499386169
